168 8111111111. 8111111111 81911111. Wolken.

8111111111 33,16.17.35,18.1 1111 8111118111) 111, 5. Moero und 8111111 13. 1,
..831318211 ¹³⁷’⁶· ³ 0213131...³⁰..¹¹31¹³..¹⁷·.²⁷· 85811183¹17⁵1¹⁶6⁸11
811111 39, 13. 17. ¹W11in3 . 4· (111111811171, 17.
8111111113 (fiir 1111 1111-1811111111111147 116, 4. 8111111191 811111 73.12.
hgen) 71, 13. 8111111111 35. 3. 811111, 1111111111 51, 28.
81111198, 11. 18. 811111111161, 26. 55, 11. 17. 57, 34. 61,11.
8111111494. 59,148.64,11. 8111113913. 117, 16. 128, 31. 72, 15. 75, 16. 86. 6.
72. 11. 11Ι 19· 19. ¹262* ⁶· 141, 19· 90,23.92—96.98,16.31ffi
80, 28. 85, 18. 86, 9. 11. 81111 80, 15. 131, 19, 11. 99,³1.100,7.23.101,14.
16. 168. 87, 1. 89, 8. 20.: Vemnatultung 62, 14 111,17, 1ο7, 11.
98, 34. 11ο, 1787 dee 811111,1111119,11.13ο,1. 8111111111 99, 20.
1131111147, 3, des 811 137, 17, 81111111 (-= 8111) 115, 18..
1111111 8633, oben 111“81111111113,15. 18. 61, 14. =David7115,1offi,(=80·
Ηὶ11111174,5.8,11811ξ 153131. 63,7.15. 16. omo) 115, 198
der 111111 74, 9. 85,18,1 67,11ff. 7ο,1.1.14. 71,1. 8111111111ι111111111111,8,
1611111111 89, 1111111117 71, 5. 80, 30. 83, 10. 88, (11181511161111111) 111,
bens 53,15, 1111116191Ι 17,1ο4,11.13.15.1ο7,3ο. 22.
11. 11 1810111511 :33² ἔξ· 111111· W3¹7⁶⁰2⁰ss²⁸ (²² m) ¹²¹⁹
11111ζ (81111111 57, 31, 1111· 137: 18. 233.’ ’ 8116111111θὶ1, 1111111111
detes 811111 1111111111 811111111111111114,1.1191. <= 81111) 111,1ο. 1116111.
mach 81111111 57,, 34, 1111111111. 1. 8111111111.
nicht 111111771111161, 5. 8111111111111163, 10. 811111111171, 15.
8.11111111118,15. Weiss 41, 9. 9119. 91, 17. 811111 39, 17. 47, 6. 98.
8111118111111 111, 98. Die 7 8111111 111111. 61, 27. 66, 17. 22· 73· 58-
811111811 (81111111) 31, ¹3· 8111191111111111111ε1111- 89, 20. 21. 92, 15. 95, 1.
141, 11. angel] 109,24. 12o,11. 16, 98, 13. 168. 133, 11; des
81111118111,1111111 11ο, 14. 11111 111111 111, 8, 11111, 813111 und Η1111 9131,
30. 1111 Schreiberongel, 11 des 1111111198, 31.
811111911111 53, 3. 7311. 8111111111. 8116118631175115. Ygl.
8111111110111. 811011. 81111111111 115, 26. 11111 8111311, 81111111.

819, 81 1 11611 126, 1118111 19, 11. 19, 10. 35,18.,811(1111111 115, 15.
(1118811111 116, 14, der 19. 25. 43. 8. 55, 1. 65, 8⁴ 811111 21, 13. 79, 4. 7.
(11111111111811111189,1ο,ΙΙ 71,13. 76, 11. 89, 7. 16189111, erate bis 11111111
(111111111111911111114, 17.ι 90, 8. 91, 30. 91, 11. 98, 51 124-126.
113,15.18.114,7.115,15,1 193, 17, 114, 5. 10. 33181911 13511.

111111811111111911111 13ο,1 167, 9, 15. 116, 3. 4. 16. ¹ Wohlgefal
15,dergereehtenGerich60 135, 10. 21. 136, 31. 141,· 71, 12. 117, 21. 128, 1.
1118111189,11,111181- 29. 143,1; 1181111191 91,,811113116111161, 15. 16. 99,
111111811311111113,16.19. 19, der Lichter 4917, 11.

116, 18, gute 122, 13, des 111819111111119111117616.)81111111 99, 5. 10. 17. 22.
8111111111 131, 14, (1111·811191411111 99, 28. 891.ἶ89111911111111118111176,14.
Mensehensohnes) 91, 32, 11111 Himmelsgegend. Wohnung43,1o.12.17.19.

11 63, 17. 65,4.

(111811111111111111111116, 8111111145, 6. 98, 1. 11415, 67, 14. 68, 7. 69, 5ο. 8 ,20.
6, der 819111111911118111111191, 11. 24. 1 91, 33; Ι((111111111111111111)
113, 3ο. 116, 16, 1111111- 8111111119111 97, 13. 33.. 64,168.,111111111111111111
111 .... 81111. 1,... 1111111111 11
1ἓέἕῖἓῖῗῗὲῗὲἷῖ1ῗίῗ 111 1111181818111 181, 11 1118111111
119,111.358.135,11.11. 111111111911111 129, 3111 67, 11, der 811111 der
8111111111 139, 10. 35. 1811111) 11,11,17.63, 111“.« 8111611181111111143, 11,
81118116. 11916. 8111111· 81, 11. 1111891111111116,1 der 81111111 63, 17.
151. 17,1, 19,1ο. 21. 3.9ο1119111811111131,17,18611175,11,(;Α19771111)
33, 12. 35, 28. 29. 41191 1111 81111911 80, 18, 1111. 111, 1411. 116, 16.
1111111114ξὶ ¹¹· ¹²· 1811ῑέ11111,(11811111,11111
811811191111111111111111. 1111111181111611411771,11, 4.141,11,1111’1“11179.9
8111111 (= Aegypter unter· der 1111111113 37, 8, der (1118111111 79, 8.

 

