Ezoqiel. 1166166166 Register. (16161, 757

Ε. 71, 6. 88,19. 8915. 68, 9. 69, 20. 167,4 108, 6. (16111161 88, 10.
17. 19. 118,15. Galbanum 61, 11.
Ezeqiel 65, 17. 11616611 21, 6. 27, 10. 41, 11. (161166 (= Ρ616111661 61, 34.
4311. 45, 2. 47, 2. 81, 9. 77,66, 1161 (1616611166 79,
Ρ611116113(Δ16116)116,1111. 86, 65. 87, 1. 108, 10. 131161861661111311611166,
Falken 111, 5. 141, 17. 143, 7. F. und 3,(1661161166681, 6.
1661161 66, 6. 73. 33. 91, 14· 8111143, 3, F. 1161 (16- (161161,(161161669,17.66.36.
811116141161611 27, 17. .. ffissffi„ 108, 4. 8. (161161 (1166 Η6116) 63, 3.
F atre. schwarzer (= 116161 81616616666636167,66.1131. 51, 12.
108. 1111, 10111 1=.Abel) 611611 211636. (1611661 106, 6.
108 22ff. 81611663616166163,14167, (1611661166 (Gothos) 165, 17,
Fiirse(=WeibKains)108‚25. 20. 1161116166116 16663, 661666
861161 88, 21. 816611 63, 9. 16. 15. 67, 4. (66111666691166 61 76, 5.

11611 168, 16, der 107,8.128,28.31.130,28.

1666161(61111111111661196,61. 76, 61. 66. 134, 18. 11616 (1611661166 jem. zum Guten
33· 93· 17· 18· 1(17, 15· F. vetrallen 129, 11. (166 (1661163616 3666771)
1616113116ἓς’79,11.16.13.86. 1ἳ117111911161ζὲΛᾶ VSI* auch 236fa139',6(2uml38100)129,

1111181- 1111666 6. 8116616. (161161 79, 65. 81, 1. 163, 18.
Fesseln 74, 30. 111666 ffir 1116 81161161 136, 6. (1616113616 33, 19. 49, 8, der
866661669135,19. Fraude 23, 13. 22. 33, 67. Euge] 51, 65.

11666131, 21. 39, 6611. 41, 69, 29· 76, ιο. 90, 3. 135, 3. (1616116111 31. 64. 134135.
6. 3. 6. 12. 13. 45, 16. 65. 136, 28. 141, 38. 137,16.16,11661111111111366
51, 116468. 7315. 90. Freuen, 11611 135, 8. 45, 11. 16.

31· 91, 7· 91, 14. 120. 64. 11116116 61, 1. 63, 6. 13. 61. (1616166666 85, 11. 87, 5. 9.

27. 16314.Ι 16. 136, 28. 23. 33, 31. 35, 17. 31. 37, 96, 3476116 65, 22.¹ 68, 64,

146167 611911666661166 2. 4. 45,14. 76. 63. 81, 2. 1161 Β61611161111311611 91, 1,

87, 3, schmerzbrwendes 96,1. 164, 4. 166, 64. 167, 1161 1111116 66, 16. 76, 66.

134, 6, 1166 661666 1. 136, 11. 20. 131, 23. 67.11661)66661666,16.

‹,=ffAbendrot) 45, 63. 55, 13366134, 13131366. 76, 63, 1161 Endon 1166
1611111613 55, 21. 111161,1“21161ῗ1ἑῗῃ11111τ611111ἕ111. {1111 1191ῗ1111119111126136θ111ξ111 11031
Fenerflammen 90, 29. 92. 34· 1611661611616 53, 11. 6911611161661111 11611763.

161,11.135,66.146,13.18. 116161 73, 8. 9. 163, 6. 8. 76, 13. 91,1, (1161166) 83,
1666686166 47, 27. 49, 1. 141, 31. 16,(1611161113611 141,66,

51, 18. 166, 64. 1161161 5, 6. der 1111111661 66, 9, 1166
1666161166145, 14· 8161116ὴὶ611 57, 19. 8611111116 89, 6, 1111618116-
1611616116166(11616111. 36111. 1161166166 135, 8. den 1161111116 167, 1, der

Thron 1161161116161666111 Frost 79, 2. 99, 21. Γ11616 1161111116 80,7, 1161

41, 6, (61161 im Η1611661) 1166111 (116616166611661661) 11116666131611161161
1111111111 ,1111111111 111111..1⁷.1¹·..¹‚⁶·,. , 188882118188233
1.1’11111“11118“111·1817 1‘? 1A¹²2¹1⁰⁰ss²1¹2⁰¹12¹ 11ἢὲ1’11111111”1“
1161361111619111. '³³' 111614’31561111111161611 *6611111ῗ911118661111111
116616161631,17.19.47,1.6. 166,5.7 61116666666) 137, (s. 8611166111 57, 36. 59,

611- 6· 665· 161111, 24, 11161 811616) 115· 13· 61611111161441163·

4. 86, 15. 83, 19. 84, 4. 66, (1161 Storna) 92, 19. (16161168,6,(-161661161611-

9617. 116, 66. 34. 164, 96, 13. 166, 15. 165, 5. 11616Μ161161111,5. 118,

16. 167,9. 134, 66 135, 19. 1411.. (fiir 'fug 6611116611) ².4· 119. 13. 17. 67.

111111811111111 1111111111. ⁰⁰33? 171111 1118311 ·

6. 13, 11616111 77, 1. 131, 11. 136, 86, 18. 66. 87, 8. 90, 20.

8166661661 1166 1116116616 65, (166 Η616666 131, 9, 67.91,4.6ο,166,13.164,

11116111. .. 1.. 11144141 171141 171· ,1, 161471

11111616166Η611611.(1616161 69. 30. 112, 30. 17. G. ,411616 53, 17, 1166

8116641161ξῇ 6. Fouerflammen. Gabriel 691· 3313'491310 fflrfzrlllssllkresigg'ss’ltlffe?ffi·

1161166 39, 13. 64, 66. 65, 29. 73, 33. 91, 14. 16. 64. 616111 1611111111 71, 8, 1166

 

