911111. ‘ 99111911119911191. 11111111. 165

89191911119119111119919, 99111 199, 11, 81911949, 6, 81111911 119111911191 und
der dieThaten derHirten 8116119199,5,11’99991· 11991)9111191145,19. .
aufeehreibt: 117, 24. 118, 111119 110,14. 30, Weieee 8191111 der 1111196619. 8431.
14. 119, 21. 30. 120, 9. 16, (- 1111911991) 199, 24. 120, 819111,8191119,1911119947,19,
s. 911911 116, 33. 11. 16. 'iebenfache Be· 1199111919 17. 16,ρ119111199
schrift 1191111991991111 11911 1911111173 11514, eieben·
9

13ο,1ο.8911111“19111111 'm· 19911 1111111911 116, 191 33, 121119 11111131191189111171139
1119114114891911911811911. 1191191119] heller 95, 6. 131,11. 81. 9111191911 131,
8911119911 71, 30. 8191911191 9 . 14ff. 4. 12.
8911119111 eein 135, 31. 81911119 (19191199119133,15, 81911191 119, 27, 130, 5. 21.
Schwefelgeruoh 86, 11. Η111911 116, 178. 134,19. 19.11.135,11.15.
8911119119 111, . 1111111191819991168, 30. 71, 17. Sterb110h43,4.57,13.10324.
8911119119 (== 1191111911ζ811119171,18. 1731. 8431. 8191119 47, 13. 49, 9. 51, 6.
111, 4. 115,1. 4. 11. 117,} 86, 7. 127, 3. 129, 3. 6. ¹1, 62, 6. 30. 67, 19. 31. 69, 9.
13. 118, 1. 131, 5. 133, 9. 142, 28. 70, 6. 78, 9. 8918. 91, 3.
Schweiee 105, 15. Ι*8119111119 Waeser) 57, 31. 91,19. 97, 8. 9. 17. 98, 7.
891119113911. 84, 6. 88, 13. 811191 19, 13, 11119911. 9111. 16.191,19.1ο1,15.1ο5,
119, 1. 123, 11. 13, des: 111,15. 34. 113,1. 2. 3. 107,'12. 1 3, 2.
feuri e 4311, dee 8911.18111811119.1Ν9999111111)31,13. - vom 8111111191 19119111
dee 91111 wird trunken2 141 12. 0111. 85, 18ff.110, (ε 11699 11119911 109,9
81, 20. 8911, 1199 den< 1911. 111, 1511. 120,13.21,einerderselben
Schafen gegeben 111111 81191911 49, 19. 118, 6. (π 11191911) 199, 4. 33.
9111111111 1ῗῖ 11111111111191191119 ,1211111111111111111141591
8911111191 13, 11151915. 137,15, 1191 8911191199 88, 81191,11919991(ε11191117198,
74,16. 119, 12. 21. 18. 30. 19. 20. 18. 3ο, (-- 9111)
131, 3. 134. 33. 35. 8611119 1111111119 103, 18, der 198, 31, (= Noeh1 110, 8.
891191116619, 88, 31. 89,1ff. 7 111119 137, 13, der heiligen 10. 35, (= 891111 119, 37.
89919 68, 6. 7ο,13. 84,1.Ι 11199199,18,1199Η1111111911 (-- Abraham) 111, 5. 7,
88, 19. 115, 20. 131, 14. 37,13.39.3.119181111111911 = 199911) 111, 8. 9,
8911941111, 34, 119981919911991 33, ξ’. 1111ν3ι1ἥ36511ῒὲῐ9.3311,21. ζ11967181111111111,11,29391111111·
45,1,1191(1919911191153,. 3910. 191119111111191. 191 [= Hem) 111, 1.
11111111 1,ξῖ 1111111111813· 11· ⁷2⁹1 ⁴33· ν11111111111111.) ‘¹51⁹
Klegenden 55, 3119111911- 67, 3. 70, 5. 76, 8. 8916. 26. 30· ’
1911911 19, 6. 53, 8. 55, 5. 91-95 1991919899911191· 8111111119 des 11119919 84, 11,
7,(191811111191 5318. 31,, hung 111199 11911199). 98. 7. 1191· 1191 1111991 dee An·
135,1119111111993311.Ι 16.199,15.19.11.191,811. 9991911965,138.,1191(19·
89991133,16,35,1. 1667, 102. 7. 14. 19419. 105, 11911 11918919911911118,
4. 68, 11. 13. 76, 21. 26. 1 1131, 197,11.15. 131, 18,((191199141,14115,16,
18. 98, 31. 99, 13. 9. 133, 1. vom Himmel 84, 2 , der
Segenewort 19, 3. Sonnenscheibe47.13. Ruhe 128, 8, des 911-
8991911 65. 4. Ι89111191111111111911 98,19. 139, 9999111919 29, 4
8991119991 141, 33. , 14. 32. 'me 81 rust 122, 11,
8911919319, 194,16,17. 8οιιι191111111919911945,14. 11111191 zum Himmel
131, 13. 135, 13. Sonnenwegen s. Wegen. 27, 24. 53, 13. 15.
*8991519199918119811937.18991151, 17. 1191911911111- 811919 23, 19. 53, 30. 66, 15.
8911139111 15, 4. 16. 19,18.ῐ und, Kluft, 8911119111, 177, 11. 86, 20. 113. 19.
33,11.87,15. 7 'ese 8119191991 73, 12. 74, 19,
89119191Ι 37, 26. 8991994311. 8916. 11916, 83, 4. 85, 17.
8919111111 80, 2691, 10. ι 1111119119 141, 30. 811919911911135,11. 37,13.
*891117--1191999181191 19891. 8 6119191 11313. 74, 4. 13. 75, 19. 79, 20.
*8911111917ῗ1191999 111191) 8 b (1111 1119 (1919911191) 11. 13. 193, 8. 111, 15,
198, 35 . . 79, 8,(1911 Zomee 119, 1. 113, 9. 134, 19. 141,18.
891119199111918991911191819111 11191191 8919911191 911119115913.
(199191191911999991)31,4.7 (= Jerusalem) 75, 14. 8111119111119 81, 16.
81911911Β919947,18.14.55, 8111191191 1191891119 97,13. 811911,1119,11118911917ο,14,
11. 61, 17. 199, 3. Heilige‹ 11. semer Weltetetionen. 811911(-.1911191)113,15.19,
(= 1111911991) 19311, 111- 1 811119, 11911199, 911199 35, 18, 81111119 13, 1. 47, 4. 100, 1,

 

