Traum. 1166166166 1163161777. 1161716113. 167

’176777 37, 21. 108, 14. 75. [17616711161743. 7. 1671716367 65, 37.
122, 6. [17167 7 (der 117716) 767,11671711767 743, 6.
1766736616116 768, 18. 737,) 3. 37161 67661767) 777, 12. 1671663767 1167116777 67167
10, 12 , 75, 7167 86176 dor 7167 Numen des 116777)
176776 64, 73. 66, 79. 67, 75.) 11161167 33, 74. 37, 7. 39. 63, 78. 66, 74. 68, 7. 4.
74, 79. 76, 14 86,6. 88,ῖ 9,(16711611776,4. 131. 69, 74. 70, 31. 86, 20. 75.
21. 143, 8. 12. 6761 Eudo. 1677161167 33, 6. 22. 74, 15²
176667, 7116 743, 77. 11716736167 134, 37. 735. 78.) 767716116177677167 (auch
'I'rockenhoih 99, 2. 7. 24. [1716771671 7167116776 74,79.. zu Grunde 36167, um·
771171, .. 68, ⁵. 7.. 116Ἢ1111.17ζ11....7 1111131. 1. 11, 1
83, 74. 736, 7. 734, 37.Ι 11611616167767617. 1 12.126,31.127,2.426.
18³⁵'1¹8s¹⁹· Π’1111111711171· {¹} 1871714711 ι1
1171691875, 19287, 26. 88,1.2.f 9611111871· 9116171 1361113671.ς’ ’ μω
’117777 (π Ρ67671166) 769, 78) 767, 10. 12. 104, 32. 1677611673 107. 7. 768, 9.
1= 1677761) 775, 77. 776,)1171671 37, 5. 16667717736116667147·
1.11.19.117,14.1.118, 117761179, 7666, 74. 7 6367) 9, 75.
5.6. 1ε1677776171. 6167)) 1671166667 worden 84, 6.
773, 75. 716167-8617 75, 17. 11167 16676177367 776, 28.
1661111167 142. 5. 'Vofacfflw'mfz ,μ’ 3· 7 γ1111117111 1117111311.
1116777771 73, 77. 16717667673 am (161616 86, 131. 66617 7677161167.
11167176167171661161617166 22. 16717661767 778, 16.
116777) 73, 4. 167167367,76716736761)17- 167667661177677167 97, 20.
Ublesjael 37, 23. 36 45, 10. 65, 33. 67, 76. 16776716767, 7116 33, 3.
1177177611 7366757757.) 68,28.71,10.72,14.16. Verwssnsohun, durch V.
1177161715, 8. 20. 74. 77, 78. 78, 7. 82, 5. 616176771161716
1177177676 7166 11777166 95, 9. 84, 14. 85, 9. 87, 78. 89, 75.
7ο,71678677697,73,1677167. 7 . 768, 7. 779, 30. 747, 36. 1677661773 99, 3Ι 77. 16. 74.
3313, 12 73ἰ d? 3611116167 ,8316117θ (vgffgt 3167766137- 3137611773 37, 18.
67 , . . 7 3 o, 7.

7 75,8. 10.

61 77, 8. 49, 4. 67, 3,

[171671336711661177616773. 1671767767 737, 23. ; 716 16771667167167 der

92, 73 7711716167116776 1676677716 776, 22, 17761 1676611617711161671116116.
67, 3. ἵ 667616 73, 37, 7166167676 1666771676 (1677637716
11766761 74, 75. Ι 773. 76, 3677711736 677736· 7771877677 777, 7. 778, 73.
1’7776771617(17611771668,77,7 773. 77,376666779,75. 1 776, 38. 121, 5. 74.75.
den H1mmel 68, 11. 1671677167, d1e 85, 9. )16117,7166 (= 167661) 49, 20.
117676616711161 (767 7167,11677167167 37,77. 45, 7. 778, 1611767 35, 10. 70, 9. 736,
(17611666786766111317611 20. ¹30, 3. 37. . 30. 31.
1171117Βέ11117111611 767, 76111111711171117311712710Ι )11111171111158,Θ17121777,73.
129. 26. 1671761159, ⁷: 9² 734, 12.:
1173616767 77, was-79· 19. 1671661167, 7176 77 117773- 116616 79, 79. 77, 78.
117367661167, che 81, 20. 82, 17671 53, 3ο. 59, 10. 1117617167 737, 75, (ε 117361)
73. 778,.5. 736, 7. 1671713677 69, 74. 777, 77. 79, 7 5. 37, 75. 35, 73. 75.
11736766117317671 79, 76. 35, 1671617677 74, 3. 84, 75. 86,) 37, 31. 39, 3. 4{1. 7, 167-
7.67,75.69,77.77.7ο,76.1 73. 75. 88,6.7. 9.11. 90‚; 1736 43, 75 6776 49, 73,
71,3.24.74,2.85.4.86,4., 8. 776,.77. . 7166Η7777761635,77. 37,
103, 20. 773, 7. 3. 5. 6. 77. 1673173161 43, 4. 1 29.41. 76. 8167767861776
76. 30. 124, 77. 776, 76. 1673617773 (7167 81177167) 35, der W.
30. 127, 7. 128, 17. 24. 37. 37, 11. 11636 66, 77. 80, 19, ge·
779, 1. 131, 25. 141, 24. 75.,1673611773 5331. 57, 74, 766116 67, 77.
11716177, 7698. 33. 99,76.ι uben 87, 77. 776, 7. Ver· 116367 75, 74. 77. 737, 76,
1177661179,3.74,77.779,7ο;. 361167 77677167 778, 75, 7166 (1616166 90, 20, 7166
(16761367777,75,767711., 737, 23. , ⁸ ,ι 117777761698,8,677Η1777761
76716131 6677167777,78.;167366667 der 1167617671 9821. 102‚27. 7166 Mondes
177617161171661117777166734.1 775, 7. 95, 76, der Sonno 97, 75.
1776171317611 33, 13. 35, 38. ¹ 1671616667 57, 76. ) 98, 10.
123, 8. 747, 19. 71671677176167 77, 7. ,116171611383 26.

 

