h

Wollust. 1191199199 1194719191. Zunge. 169

Wollust (1911 8191991199 86,15.Ι 11. 1ο, 8911991199 der W. ξ 1911111911, (119 (des 4. ’11191991

87,1.86,19. 17, 3, ! 93, 30, ((199 6. Τ119199)
Wonne 23, 23. Wurzelsohneider 27, 1ο. ¹ 93,15.91111.911(1911111111-
1191119νὸ1199) 111, 1711111919 31, 17. 59, 23. 29.>

, 1191991199 74, 17, (1191.
189111 .8ο, 13, (191 Er· 67, 17. 77, 21. 17. 8ο, 87 (1111111911 (199 Τ191111919991
1191191919 39, 1, (191 Ge· 142, 10. 7ο,5. 98, 3, 911916919191·
19911131911 37 30, (199 Ge·¹ 111999 87, 5. Vgl. 911911
119111987,13,(199119111911“Ζ9111 (191 (1919911911 ver· Κ9111119191199.
und (11999911 1311199 11113911 (35161136, 13, 2911, 919119 9915, 11119119
Η9111176,16, 141, 7 ,911911 der (191991119191 69191 Z. 118, 5. 1911911 118, 35.
41, 20. 15. 134. 7, 791199 (199 Κ991191 88, 31, (191 14316.

Μ911119999111199 9ο,1 ,1111- 1919191191175, 18, (191 Zeugni186,31.116‚1o. 117,
11111199 81,14, (191119111- 8191119 11517. 3. 118, 15. 118, 11. 30,
11911 137, 6. 19, (191 Zu- Ζ111119965,18.68,7.76,1ο. 139, 18.

1991199199113 37, 31. 8311. 85, 15. 91,11, 17. 11911111 61,18. 1111111199111
11911919169191111911139, 1.116,11.143,11. 61,8.

16, (191 (1919911131911 1111111113 (191 Tago 194,18.,Ζ1111171,1817338434.

37, 1811911199 63,11, Ζ111119191919111191168, 33. , 811, 7.

919119 und 1191113913. Zalbesael 195, 29. ’1119119891 ) 57, 30.

4,91111911111911959,11,(191 Ζ91711915,18. Ζί11911177,1. ,1919918919111

Wahrheit 139, 14, der 1911119191 84, 30. ' 11.

1191911911 131, 14. Ζ91111911111119117, 3. 1919119199) 74,13. 81, 20.
Wunden 66, 3. Ζ(11111178,19.11.11199116833.Ι 198, 4. 119, 1. 113,1ο.17.
1191119161, 33. 139, 18. 19111Ρ1999990919919113ςρ.ἱ 131, 1. 133. 17·
1111111191 17, 9. 69, 6. 19191999911119911991191119),Ζ91113911911113, 1ο.
Wurzel (191 111911 115, 9, 51, 14, Heilige 11, 4, 1. Ζ91111949, 11.

Wurzeln (191 (1911911 11191141,14.65,18.76,;Ζο119161,11.
1111131911 113, 11, (191 3391,13.Ζ911111911991119·Ζι1119937,33.197,11.191.
Ungerechtigkeit 113. 1. 91, 14. , 91911191991199111999.

 

