164 stegen. 1166116166 1161116161. 8611611161.

nagan 21, 14 62, 18. 27. 67, 86169616118616669861125,18.1 15, 15, der 816166 und

17. 79, 6. 9. 16. 89, 24 88, 1. 16116191,3.1161116-
' 99, 4. 10. 11. 15. 17. 22. *Samuel (= 86161) 113, 25. · erechkigkeit67,16,der
102, 20. 133, 5, 7. 15. 115, ,9. inde 47, 6. 78. 5.
1169111166 55, 10. 167, 29. 8661171, 18. 133, 28. Scheidung 2616616611611
116161, (166 66. 10. 69. 3. 86911147, 23. und 1166161611 67, 6.
83, 23; die 1161616 69, 2. 8616916149, 29. 86161166 37, 23. 29. 39, 3.
11616166, die 83, 9. 127, 4. sarran 61, 11. 861661611161111666 167, 27.
1161611661 69, 12. 127, 5. 7. 86166 73, 12. 74, 2, 8616116 86111127, 1388, 12.
128, 9. 129, 9. 18. 132, 21. 65, 30. 84. 29. 8611116 133, 21.
135, 14, 1861611612 ‚18. 861161 37, 27. 33. 12318.
1161141, 4. 62, 17. 78, 24. *86611ει 1111161) 11 ,21. 124, 7.
89, 23. 99, 19. 21. 166, 4. 816166 der 111116 75, 21. 1166 86116166, 61666 langen
133. 9. Himmels 4612, himm· 861161132,18,(116,1161616
11616 35, 11. 85, 11. 88, 231 1166166 1611616 6. 16661- 616116611616665,1ο.13.
1161111611 142, 32. 61161611. 21. 81, 5. 91, 11.
1161613766 35, 7. Ι 1866916183, 23. 8611 doe 1111111136 88, 28,
11661167, ,141,21. ’86161,111616666---.16661)111, 16 611111164711111688,29.
11611611 6. 11161166. 10,(=-· 116666) 11626251. der 86616 88, 29.
1166666, 5, 6619161166 74, 14. 112, 2411, (= 16166) 111, 86111416 der 8616161 und
1116116671, 10. 74, 28. 8918. 29113, 11, (= 8616661) 81616666 88,27,161111616
1116116116 1161111116 124, 3. 11 ,25, 115. 5.9‚(=·D21· 88,11.
1116666 27, 5. 43, 16. 19. vig] 115, 9, 83: 8616616) 861166368829364861166.
45,2. 141,16.(51116· 115.19,(=E1211)116,5‚ 1151, 1.
166166, 16111616, 11661) 169, (611916666611616ε1ο- 86116161 41,·18.
611811ἑο1111 , 6.111ἑ1ὲ“1ξ111“ῗ1ῗ11; 811111 11111161ξῖῗέ
111611, 3611366 6611116166 (12= 12 86166 1666116) 36. 9,1.4. 9. (57,33=
(τε Eva) 168, 2111. 111,11ff.,(einige=Pro· 116116669161, 57, 36.
11161611π1611966666661161, 16166) 116, 4, (3==Seru· 59.9ιπ1’161861166661·,
Ρ6111616166 6611166161 16161, Ε616, 1161616161) 6111166666116661611161-
169, 1. 116, 24. 16, 1161666, 118, 111,,1661666311616616 61691 61, 5.
(== 86111166) 168, 3511, 161166) 119, 111.. (661666 8611661166 55, 27. Vl.
16166126(--66116161116- π666611666161161616616) 6661 1111716611, 1116
der Adam und Kainiten) 121.12. 8116111161666111161.
108, 26. 33. 109. 6ff. ’86161166 (von (1611 966631) 86116661 136, 7, 6111611611
8666611116 165. 27. 1 29,12. 39, 12. 77,24. 107, 136, 21.
116666 75, 15. 169, 13. 110, 6.Ι 13. 21. 19. 141, 5. 86161166366 143, 3.
126, 14. 132, 9. (1666161166 66111 53, 8. 8616161281,25.82,2.142,19.
111116 67, 3. 73. 21. 83, 5. 88, 21. 23; 9666161166 8616166127, 15. 129, 13.
16. 18.2 . 12717. 128, 8. 11611166 65. 8. 7ο, 6. 13. 861666 39, 28. 41, 962, 17.
Ι36. 71 16116 R· haben* 89. 7· 91, 14· 78219630- 9619- 21·
131. 25. Sohalttage97.28ff.1o4,21ffi 13316.
1161616666 Ding 55, 15. 165, 12. 86161116 79, 28. 30. 90, 23,
8616116126 1111 die (1618611116 69, 5. 82, 15. 84, 5. (161861661166 86, 3.
166 166 64, 17. 19. 86166116 129, 19. 8611111161 ’,ι- (1611.) 1ο3, 25.
1166166188, 3. 86161166 21, 22. 127, 12.
116166 74, 30. 75, 1. 86118112681166 verborgenen 861119166321111 21961116 471110-
86611166911616161)16618. 861612116116661 1116166161) 8111. 11816611651117124,
sabbath 33. 30. ¹ 1166 (1616166 des 11611616 6666 861. 92, 13, 861. der
*86161116 (-= 11161666 861681 79, 3. 4, des (1616166 (166 111611 163, 17. 164, 33, von
66111111616161611661 {efflas u7n9d. 1161111111ἕέ (ligr 9816113ο(1θ1111θ1111168111 1811
6111111166 64, 11, (166Ι 66, 22, (166116616666.2, 166 der W.
1611666 85, 3ο, (der Men· 1166 11611616 und 1161116- 86116111661116661 (1668611.)
66166) 53, 18. 19. 142, 8, 1166 66, 22, (16186666 66, 88, 18.
1116616131, 15. 8513151 24, 8611611161 35, 25, der (16-
32, der 11166266 35, 5. 8616111666616 1166116- 166111911611 35, 26 41, 25,
59, 24. , gens, 79, 6, 1166869666 1611166166Η66661966691.

 

