158 (1611161. 1161166161 1163111161.

1111616111 81, 1, 1616611111

mffioeffimmfflffilffissssww1wa

81, 18, deror 116 in (16- 11141111152111111.

16611131611 611161111611 36. 31. 76, 8. 15. 16. 26.

1111171,9,161,(111111>61186, 71, 17. 72,11. 73, 8. 21.
mssfflfflsz wmmzmwm
115161Η6111 17.86,3.96,15.91,1.1.
161191, 11, 164, 16. 115, 31. 126, 20.

Η63611 78,
86, 25, 161

(16111111611311611

8¹0⁸ses ⁴5, 5· 532 12·
571 ¹4· Ι271 9· ¹321 14·
135, 20. 136, 30, grossos
(161-16111116ἒ 1116111116 86, 11
161 1161113611 und Ge·
rechten 125, 1. Vgl.

11611 8116136116111.

16116116111Κ1611718, 117, 13. 19. 27. 36118, 66161111111111. 81111116.
166 Lobana 80, 16, 161 16. 11.13.18.13ο,11.15. (16116116 6. Tag.

11161111 81,

166 1166166 16.17.131,17.11.133,3. (1611111116, 61 (π- 11661111)

78, 11, 1617116116 79, 2, 134,14.1ο.18.33.135,13. 70, 31. 71, 22.
161 Rechts 81, 1, 161 136,33.137,17.1ο,143.14 (1616116116 73, 6.
1165611179, 9, 161 116111 -116,1111111111611111111611 ρω,53ω55553,4553833,45,

78, 14,161861111661 78, 151 63, 25· 31· 64, 25· 27· 7⁶» 11, dieses 19, 9. 3616611166

1611111111 79, 5. 98, 13, 161,
1161111611 71, 1. 80, 30.

⁶2⁸¹· 12. 81, 18. 21. 26. 141,
D10 616616111161111. 115, des

56, 1111111361 19, 16,
161116 143, 5, 161

1161116143,13.45,1.49,31.1 ¹3· 81161161111911118· 1111161161111611115,9,

65, 1288, 27. 142,8; 116167 6111111161 und G.
43,11. 1316, der 11611111- 7 - und Demfitigen 57, 16.

113611 141, 15, (1611111361) ⁴ - 1111161113611646 71, 1.

49, 15, 16111116 43,18,Ι 8515. 11 , 1. 1 1, 2. 15

161 (1616611161 67, 7, 161, 8161161 ’6 11611. u. Ger.

in (1616611131611666161- -, Heiligen und 1111661-

benen 135, 4, 7. 8, der* 1111111611 76, 1.

(1111611 143, 5, 161 1111111611, Gerechtigkeit 35, 1. 63, 13.
43, 17, 1611111116 88, 1ο,1 64, 16. 29. 67, 8. 68, 17.

1611161161161149, 16. 30.· 30. 71, 9. 73, 20. 76, 11
53, 11. 67, 7, 161 11161611 80, 7. 81, 23. 83, 13. 27

43, 19, der 8661611 161 85, 14. 91, 27. 32. 103, 30.

113666116161161153,7,161 164, 1. 107, 18. 122, 22
811161141,1ο,1611161- 23. 115, 29. 3ο. 33. 116
ῗοέξεῗξη 31113161 12. 23. 13119. 134114

19, 20, aller 135, 4. 137, 9. 143, 11.

Winde 89, 16. S. feruor! S. 1611161 111611111161
11611161 G.

Geistig 41, 32. 43, 7. 1116
(1616113611 166 Η1111111616

(161113111116161111161111111161
und Helhgen 82, 7, 161
(1616611161 63, 11.

(161161116161111111111113 73,

16, 8611161161, We

1 (161166

17.

(1611616611 161 11114761 136, 35,
161 81111161 118, 30.

Ge 1111111 werden (Worke
1161 (1616611131611 33, 27.

6166ω6π
1 ⁶1²5·
w]

(1661161611, 161, 11661161 in
Ε11111611 3691161611 111
61666

(1616611135, 16. 57. 15. 59,
14. 71,11. 77,11. 13. 8,
13. 116, 2. 141, 30.

(1611161116, 1611661166111) 69,
17. 163, 19. 30. 31113,
18. 114, 6. 9. 128, 20.

1

En 61, 11611611, (1611611,
(161611111116, (16111, (16-
11611116, 11611, 11111161,
Ρ111, Ρ1161116, Qual-

116161161121111 61

fes G, 136, 31, fflr
616 1111311611 33, 17,

- 161, und 16661111116 161 (161611111116 87, 9,

(ε- Messias) 73, 17.

3616611111 59, 1477, 12.

(1616611161, 116 19, 21. 23, 11. 13. 116,1, (161161 143, 11,

von G. 111 G. 35, 14. 65,
9, 71, 6. 83, 11.

(166611661161, alle 33. 22,
durch 1116 G. 107, 16, 161
11116 169, 16, bisin die
1611111611 G. 103, 15, auf
(1.11111116411,11111111136
114, 4. 115, 2. 126. 18.

3115111111

1⁰7» 9. bis 1111 61. fiir 1116

(1.161 11161119, 10. 35, 19.

, 43, 8. 135, 16. 21. 136, 31.

7666631161 59· 6. 86,1.

(161611 (= Tora) 115,, 1.
141, 9. 141, 1; 6111366
1³⁰’1{’.‘31.¹.ffi⁰²¹8⁹.²’ 12·
12⁸} Sonne {1⁵52 359,’161’
8161116 161, 29, 1111 116
81111161 114, 17, 1111111616
161 Winde 99, 26. · Ι

(16116111, (1661111116 (11116111

61611113
130· 31,

ffiQmafflffip'WWAPQGMW
m9ffimnmffl,wss8fflme.
muauffium1wffiwstwvm
1513, 16. 2784, 8. 85,, 29· 107,1.108‚19.1o9,8‚
1661661
ᾳωωωηῃᾱ
16311. 107, 14. 168, 5.
116,11. 121, 11. 123,10.
124, 23. 19. 116, 2. 3.
127,19. 11. 118, 22. 27.
32· ι29135ι ¹30· ⁶· ¹31,

13. 116, 2. 117, 24. 121, 32.
122, 7. 124, 19. 141, ⁶:

161Η6111ῗι611 19, 7, 161
81111ἷ611611 37, 11, 161
(1611611611 84, 11. 169, 22.
141,14.
. 93517.
ῦῗὲξιᾞςευ, 668, 31. 33.
(16661111111311611 31, 1. 5.
8419. 111, 14. 113, 5. 11.

weis 61163, 7.
(1661111611
(1611111111 35, 7. 37, 7. 8.
23. 26. 29. 115, 31. 126,

 

